f_01,f_02,f_03,f_04,f_05,f_06,f_07,f_08,f_09,f_10,f_11,f_12,res,level
0.001852102,0.10387294,0.005734801,0.006357764,0.412221458,0.011607745,0.023317848,0.010000657,0.00879329,0.409427386,0.00409745,0.00271656,a,1
0.002388553,0.083556669,0.009457326,0.00525778,0.242893988,0.009573805,0.019560488,0.011655368,0.015166949,0.565004059,0.00574838,0.029736635,a,1
0.001312343,0.100607268,0.011612353,0.006385137,0.329793833,0.015495629,0.030767163,0.007767525,0.017985528,0.471700069,0.002758155,0.003814997,a,1
0.002225457,0.136607298,0.015313108,0.0052792,0.289958027,0.020487183,0.01284069,0.003039104,0.006015125,0.489912122,0.007571835,0.010750852,a,1
0.001439024,0.107827341,0.010896704,0.00544046,0.32187932,0.018743942,0.019500367,0.006065402,0.015891295,0.449978849,0.00672327,0.035614026,a,1
0.004308035,0.108507539,0.016451983,0.006083275,0.135115882,0.017291642,0.029005188,0.066174375,0.032372972,0.539499121,0.004518753,0.040671236,a,1
0.001692646,0.131990931,0.010831284,0.007060783,0.301172417,0.008025772,0.005957948,0.009332647,0.010406088,0.49303532,0.01183899,0.008655173,a,1
0.00280716,0.100504027,0.006140939,0.007565595,0.36206141,0.010285605,0.045133048,0.032261216,0.029198677,0.360516567,0.004509657,0.039016097,a,1
0.000955164,0.057690905,0.004423574,0.004374612,0.303539544,0.010970853,0.039240438,0.018627339,0.011674902,0.524406516,0.004027047,0.020069107,a,1
0.001443064,0.107889238,0.008465167,0.00547112,0.368715264,0.005065707,0.010078028,0.007859056,0.006652838,0.458810989,0.005509855,0.014039674,a,1
0.001293386,0.142331777,0.007645317,0.007937417,0.368302964,0.046330225,0.023714923,0.013795171,0.009663812,0.368089936,0.006506033,0.004389038,a,1
0.001865106,0.315800378,0.00961738,0.008659487,0.07647524,0.038203434,0.021222399,0.010533324,0.011673349,0.492621966,0.005764899,0.007563038,a,1
0.000987271,0.086661334,0.006821107,0.012948762,0.413177571,0.003769908,0.023213923,0.010825484,0.006214519,0.415552587,0.002572793,0.017254741,a,1
0.002784235,0.099141571,0.010232724,0.004392382,0.301880359,0.010296118,0.0190797,0.027631307,0.019491226,0.477853864,0.005540677,0.021675838,a,1
0.001147836,0.084472691,0.00663088,0.00603048,0.287448803,0.016168471,0.021763883,0.00482507,0.007895361,0.537891411,0.005465933,0.02025918,a,1
0.002221387,0.088140706,0.005892016,0.005985176,0.361760612,0.008969676,0.036979135,0.029651981,0.032872994,0.361540131,0.002693119,0.063293067,a,1
0.00209143,0.084065568,0.005997963,0.01140836,0.389282289,0.029478281,0.014977323,0.009326221,0.007458073,0.420772682,0.005028523,0.020113286,a,1
0.00309645,0.10552814,0.00974683,0.019445851,0.369051916,0.021109753,0.052327033,0.016223217,0.008782927,0.370224278,0.008465984,0.015997621,a,1
0.003964816,0.12728739,0.006790363,0.014802156,0.375026039,0.012370363,0.023223303,0.027757574,0.015986263,0.373823883,0.006446918,0.012520932,a,1
0.001574985,0.068425045,0.010157275,0.006470264,0.333168965,0.009148065,0.037690032,0.008526904,0.011183351,0.50549698,0.004793939,0.003364194,a,1
0.002336214,0.201308931,0.01688471,0.007192056,0.204992019,0.009696282,0.015526816,0.019061061,0.01136121,0.501167148,0.004485603,0.005987949,a,1
0.001584988,0.10185612,0.021826244,0.01129744,0.563339064,0.022120278,0.023960827,0.007952571,0.006393396,0.210207849,0.003914288,0.025546935,a,1
0.0017159,0.053837466,0.01889013,0.005172821,0.36622611,0.010359068,0.02048514,0.030809192,0.011547146,0.442730828,0.002702621,0.035523578,a,1
0.001612318,0.07114188,0.008720909,0.007330109,0.292362637,0.016797526,0.03011647,0.012234182,0.029269765,0.473820457,0.007540806,0.04905294,a,1
0.001659566,0.147751337,0.00658506,0.012459945,0.348846133,0.024491635,0.017085353,0.015133025,0.009722928,0.396565279,0.008169536,0.011530203,a,1
0.001150116,0.116537378,0.002962728,0.003571237,0.270101229,0.006662153,0.002349203,0.013564255,0.04365968,0.507764087,0.006167526,0.025510409,a,1
0.004000269,0.140301144,0.004160943,0.005967301,0.228675206,0.01156928,0.006220856,0.061109618,0.072354947,0.424092132,0.007817715,0.033730587,a,1
0.001242461,0.107706129,0.001743863,0.003050244,0.200086405,0.00408277,0.003257621,0.027851074,0.033958365,0.590033477,0.014052165,0.012935425,a,1
0.002156709,0.204683114,0.005571983,0.005250302,0.132347223,0.009141443,0.004931577,0.018925658,0.048863446,0.511495688,0.008469578,0.048163279,a,1
0.002325069,0.088157501,0.00167975,0.001976331,0.220660943,0.003362229,0.002776125,0.012346104,0.04356098,0.598164621,0.0079594,0.017030948,a,1
0.001042463,0.097096494,0.002435744,0.002005752,0.278435602,0.004155903,0.004364508,0.007854031,0.032498137,0.534074663,0.007266105,0.028770599,a,1
0.001580247,0.242412013,0.003418204,0.001562866,0.234025429,0.003542902,0.004205302,0.012411477,0.024653841,0.456396757,0.007734698,0.008056264,a,1
0.001218199,0.213553822,0.002565653,0.001969411,0.215212845,0.003448838,0.002928834,0.010000874,0.025153262,0.501759589,0.010244654,0.01194402,a,1
0.00164854,0.253367282,0.005015482,0.003535522,0.156735062,0.005837771,0.004563833,0.005681583,0.010241168,0.474425102,0.042713841,0.036234815,a,1
0.003095211,0.33243288,0.004990077,0.00598271,0.117534217,0.004192406,0.010448843,0.088129694,0.088293226,0.313618458,0.021642717,0.009639562,a,1
0.002413833,0.205575429,0.003965801,0.003863374,0.154180501,0.004987134,0.004156194,0.022053895,0.093373818,0.454120399,0.007696539,0.043613084,a,1
0.004656631,0.105035944,0.014909402,0.006020424,0.255899072,0.012824365,0.011825773,0.086082767,0.122964092,0.297848763,0.017021355,0.064911411,a,1
0.001324981,0.084040933,0.00127609,0.002444031,0.128463354,0.003020116,0.004841404,0.018414442,0.056474624,0.676027524,0.011382592,0.01228991,a,1
0.00202864,0.020312255,0.001371332,0.005100729,0.104205523,0.00113287,0.001453051,0.005191705,0.027589068,0.813166881,0.01164875,0.006799197,a,1
0.003904737,0.054826515,0.002820925,0.007778271,0.308496166,0.007228657,0.005025417,0.060730052,0.078598695,0.463819767,0.003024763,0.003746036,a,1
0.00261368,0.214434865,0.004330503,0.003645944,0.424148105,0.016368039,0.011679782,0.01290632,0.028916726,0.261449693,0.009852287,0.009654055,a,1
0.00277077,0.179007291,0.001875693,0.002410939,0.25229099,0.005912169,0.002645179,0.030399087,0.036535598,0.465335808,0.014514725,0.006301752,a,1
0.002027028,0.15985563,0.002036808,0.002764242,0.274475076,0.004961719,0.003693938,0.015920968,0.041691162,0.457848803,0.0078048,0.026919827,a,1
0.000789369,0.076451162,0.001052474,0.002108742,0.176879606,0.002518621,0.003276796,0.019623593,0.060796852,0.645083173,0.007601692,0.003817919,a,1
0.003060129,0.231405573,0.002302958,0.002189419,0.24994314,0.002282187,0.005171948,0.011546802,0.027126885,0.4468569,0.007743938,0.010370121,a,1
0.003022852,0.112502893,0.01578736,0.001429247,0.082050161,0.003719334,0.000875958,0.007839044,0.030385265,0.701087151,0.029960342,0.011340394,a,1
0.0040554,0.20099696,0.002358806,0.005632483,0.051452307,0.00886751,0.00103449,0.020645633,0.034357814,0.60945886,0.054490689,0.00664905,a,1
0.001685512,0.189193304,0.00220579,0.007401937,0.318287237,0.010820771,0.010504183,0.036190977,0.0537504,0.346888753,0.008437171,0.014633966,a,1
0.001315309,0.13955722,0.002341508,0.00239031,0.143399504,0.005083352,0.002961113,0.014371441,0.054500056,0.620611321,0.010076872,0.003391993,a,1
0.001977863,0.150094064,0.003189761,0.00246225,0.116218396,0.005124522,0.003136969,0.016914425,0.032128999,0.655419608,0.008583042,0.004750102,a,1
0.001252955,0.144998223,0.001554312,0.00373856,0.316790549,0.012329112,0.003542557,0.012094553,0.010543034,0.478334787,0.001734901,0.013086457,a,1
0.001124437,0.109197175,0.001665328,0.004499457,0.264385731,0.005563126,0.009815948,0.008954382,0.019052129,0.561469054,0.003303873,0.010969361,a,1
0.001474589,0.134087594,0.003214303,0.004809742,0.232503495,0.008062266,0.010690046,0.015742722,0.014249147,0.55425753,0.003043446,0.017865121,a,1
0.001305483,0.153301166,0.001788643,0.003059451,0.207220617,0.013516054,0.007239746,0.005868683,0.011475361,0.58174512,0.003906221,0.009573455,a,1
0.002368784,0.125022694,0.003875328,0.003981166,0.2996108,0.016828672,0.009714122,0.00841232,0.04913374,0.428150923,0.002854428,0.050047023,a,1
0.003907196,0.140689511,0.004477987,0.005887991,0.328296892,0.026108435,0.029056266,0.013955967,0.014706756,0.408846101,0.004650362,0.019416537,a,1
0.001757964,0.099969027,0.003469953,0.006270887,0.274439463,0.012652906,0.021449902,0.009807428,0.024022056,0.528581054,0.00426508,0.013314281,a,1
0.000882433,0.19207192,0.002779133,0.002751577,0.259242072,0.013837635,0.01073614,0.007053272,0.007353244,0.489110054,0.00532451,0.008858011,a,1
0.00171459,0.249487304,0.006335444,0.004154015,0.245541208,0.00929089,0.003912591,0.004666355,0.007249203,0.404940009,0.006945508,0.055762882,a,1
0.003013135,0.232837413,0.008548552,0.013282379,0.230339233,0.007892207,0.009719761,0.009024256,0.009480487,0.45651876,0.007540616,0.0118032,a,1
0.002916096,0.186301696,0.003202844,0.004483084,0.246216592,0.009719897,0.013463687,0.017279725,0.011581448,0.496073891,0.006615843,0.002145198,a,1
0.00112659,0.086646471,0.004295444,0.005575564,0.298184759,0.011046909,0.015720339,0.019768607,0.026652831,0.492990582,0.006220969,0.031770934,a,1
0.001714478,0.138996956,0.001334148,0.004577218,0.332054718,0.007290077,0.014439374,0.007183964,0.011570584,0.470830797,0.002172205,0.007835479,a,1
0.00107661,0.096780677,0.00237767,0.004907186,0.324768268,0.010307822,0.016205988,0.007430229,0.010739047,0.513868181,0.004013241,0.007525081,a,1
0.00149258,0.087814678,0.002871613,0.005077781,0.33768943,0.011771867,0.011563409,0.024290478,0.048838636,0.415037603,0.005205673,0.04834625,a,1
0.000660008,0.103798617,0.003102755,0.003038707,0.289302262,0.01417838,0.010143957,0.005512441,0.009072729,0.551997864,0.002266892,0.006925389,a,1
0.001617962,0.096698354,0.004623656,0.006067443,0.337958682,0.01300301,0.018359711,0.01154059,0.019680777,0.469560792,0.004648565,0.016240458,a,1
0.003809167,0.090052659,0.003218322,0.003625021,0.355742046,0.02907636,0.034846608,0.009272354,0.036311671,0.381186338,0.007453791,0.045405664,a,1
0.001832181,0.271960379,0.00227052,0.004251471,0.114712665,0.012651219,0.003852464,0.009793177,0.023054799,0.549617777,0.00264759,0.003355759,a,1
0.004175693,0.101662926,0.005689767,0.010827533,0.61725545,0.013848861,0.018521384,0.010775181,0.047596363,0.130686698,0.006263924,0.032696222,a,1
0.001240995,0.141010562,0.00238044,0.004360564,0.21064547,0.006985638,0.011297554,0.010916385,0.020449611,0.582850597,0.003799098,0.004063087,a,1
0.004462917,0.134064373,0.010936491,0.013218231,0.372309215,0.020979502,0.005073706,0.006144395,0.018870168,0.393810043,0.005141213,0.014989746,a,1
0.001537106,0.195040873,0.002282779,0.003334976,0.278098715,0.010564098,0.005374033,0.009600827,0.014821403,0.4609565,0.004954496,0.013434194,a,1
0.00336705,0.170126615,0.004857454,0.013827682,0.299265114,0.05033189,0.029345009,0.023647076,0.015022301,0.37137649,0.007065916,0.011767402,a,1
0.00119502,0.183427165,0.006142337,0.003929144,0.16171461,0.009407001,0.009439683,0.010118329,0.013594002,0.592600231,0.004031487,0.004400992,a,1
0.00274691,0.065672632,0.002694365,0.006950785,0.392750879,0.027981767,0.009175834,0.010860741,0.019120735,0.450243905,0.003343358,0.008458088,a,1
0.001500512,0.082397688,0.002918891,0.008988483,0.253200739,0.028622228,0.006598685,0.01768728,0.049940379,0.536904557,0.002175424,0.009065135,a,1
0.003774392,0.117551051,0.002405239,0.015171377,0.317444844,0.011812862,0.008520475,0.004767054,0.010079033,0.491020565,0.002713324,0.014739783,a,1
0.001346245,0.033751183,0.001437514,0.007693094,0.274028952,0.018860776,0.006943685,0.009130803,0.025609848,0.585688925,0.002714281,0.032794693,a,1
0.002229696,0.035671381,0.004865878,0.00450647,0.525352937,0.028550372,0.005636618,0.004886003,0.030094116,0.290275387,0.00278708,0.065144062,a,1
0.003342042,0.050897862,0.006309303,0.007635754,0.230752654,0.02551622,0.007620742,0.007518744,0.023394357,0.613922848,0.008002236,0.01508724,a,1
0.006462276,0.071079233,0.002817871,0.006898544,0.463926704,0.014153298,0.011981693,0.004016378,0.043645944,0.342669886,0.001634069,0.030714106,a,1
0.003736684,0.102546507,0.005779546,0.012331928,0.378908812,0.022688318,0.01779506,0.005344183,0.074180865,0.260473916,0.007882069,0.108332114,a,1
0.00317929,0.097903087,0.004070781,0.010103035,0.389674094,0.037180559,0.012231322,0.010335399,0.017337487,0.395394684,0.005216267,0.017373996,a,1
0.000817789,0.041202891,0.002057471,0.005199455,0.363884201,0.034735312,0.005020058,0.008464284,0.018281419,0.511750844,0.003202527,0.005383749,a,1
0.006297016,0.054831315,0.009547389,0.009253825,0.312503405,0.142061211,0.041032347,0.007607763,0.024868806,0.350474637,0.005223548,0.036298739,a,1
0.007633411,0.060921233,0.009393258,0.024121945,0.320059248,0.03806876,0.015430775,0.011097542,0.022047312,0.458836176,0.008194531,0.02419581,a,1
0.004145337,0.168164504,0.017854678,0.00687084,0.257775655,0.029129611,0.006623959,0.008374909,0.032702641,0.412076344,0.017139192,0.039142329,a,1
0.005326829,0.099463643,0.012145196,0.022875109,0.384335832,0.043434974,0.012395916,0.009283361,0.030103034,0.320527342,0.009905667,0.050203095,a,1
0.002703772,0.116055637,0.007684692,0.014829668,0.292082259,0.037598232,0.015164681,0.010562734,0.015793163,0.467913782,0.005019955,0.014591425,a,1
0.005328889,0.081169501,0.00857661,0.030927217,0.436290315,0.078141792,0.021770672,0.014255116,0.029531165,0.23273085,0.010276963,0.051000911,a,1
0.003378532,0.095648673,0.002988936,0.007139084,0.535525574,0.031895563,0.006027586,0.008644794,0.040841677,0.217580296,0.003210051,0.047119236,a,1
0.00207009,0.048597136,0.001902114,0.007677345,0.32162476,0.035313231,0.010577519,0.007458119,0.015428298,0.534246292,0.002907878,0.012197219,a,1
0.004744544,0.095532466,0.009844732,0.004501856,0.160154096,0.015537475,0.009778555,0.008453833,0.040729369,0.598532705,0.005383802,0.046806568,a,1
0.001628238,0.099079906,0.00214602,0.008437996,0.240771636,0.031529423,0.008895363,0.013415626,0.024307023,0.561829207,0.002996642,0.004962919,a,1
0.013229049,0.111223189,0.014810843,0.003545196,0.133487498,0.025793153,0.011169035,0.013616906,0.030394299,0.590111651,0.026706158,0.025913023,a,1
0.002955862,0.204096622,0.008248342,0.02476897,0.527299602,0.062262336,0.013667683,0.010704168,0.027332589,0.089925171,0.00245299,0.026285665,a,1
0.001971731,0.052393944,0.002929175,0.002617805,0.015376702,0.013950813,0.011803532,0.008738878,0.016575062,0.859962776,0.006616438,0.007063143,a,1
0.003496809,0.166973653,0.010031444,0.008465691,0.352556747,0.01395788,0.007105682,0.004323748,0.015957809,0.283379807,0.00475568,0.12899505,a,1
0.001741123,0.071098925,0.003376747,0.006425478,0.218809599,0.029242675,0.004270612,0.008809344,0.022474448,0.621232402,0.002904463,0.009614183,a,1
0.002976216,0.272229344,0.005190981,0.00350602,0.311815791,0.018566595,0.038013441,0.005366343,0.021170524,0.289724394,0.003034025,0.028406324,a,1
0.001509629,0.198114299,0.00647437,0.002538064,0.166074126,0.005058036,0.026077213,0.002997131,0.006480328,0.56352516,0.002984067,0.018167577,a,1
0.001412318,0.301129202,0.012335582,0.006843766,0.08108629,0.009257794,0.030244583,0.00630218,0.004309095,0.534900995,0.003133612,0.009044583,a,1
0.003562259,0.29807585,0.018747503,0.006788961,0.242785219,0.015076226,0.010152576,0.005872883,0.01884779,0.35420607,0.005133387,0.020751274,a,1
0.001110022,0.167206358,0.008355049,0.003819243,0.184433808,0.008819183,0.035263662,0.003290551,0.019207017,0.494696311,0.00279732,0.071001477,a,1
0.004638366,0.231249777,0.011378862,0.007266335,0.308523344,0.015747465,0.03955233,0.015620206,0.071884365,0.12382313,0.004666125,0.165649697,a,1
0.005222603,0.240246965,0.019617826,0.006373382,0.212872906,0.017985975,0.021883404,0.010259083,0.045967498,0.288410066,0.004140741,0.12701955,a,1
0.003032611,0.235856152,0.051206123,0.009707948,0.140574075,0.007884674,0.002989816,0.002759504,0.009386663,0.518236889,0.006098343,0.012267203,a,1
0.002984738,0.32937909,0.032325541,0.008337839,0.204293927,0.020689394,0.034791265,0.005358795,0.008878333,0.329519614,0.004788211,0.018653254,a,1
0.000915801,0.161786435,0.014072795,0.002873555,0.157861796,0.012737919,0.047060876,0.003593246,0.014581934,0.513782642,0.002115573,0.068617427,a,1
0.002867979,0.168830386,0.005864435,0.008071012,0.182414571,0.019758766,0.019370431,0.008461555,0.019509498,0.474568022,0.004106623,0.086176722,a,1
0.001955968,0.315902602,0.013051808,0.006172256,0.170554534,0.016284109,0.010477739,0.00634879,0.037555616,0.376891676,0.006088455,0.038716446,a,1
0.004721668,0.195138749,0.018379645,0.004908765,0.105862285,0.015877542,0.034328192,0.006076266,0.023080203,0.53395763,0.004538069,0.053130988,a,1
0.003231208,0.243912684,0.038825341,0.005751916,0.109335987,0.009632704,0.023034906,0.011423815,0.030102683,0.428717328,0.003271822,0.092759607,a,1
0.004899249,0.187094274,0.059153244,0.004798315,0.29846101,0.03241713,0.033132513,0.006062125,0.013051705,0.338759866,0.00212662,0.020043948,a,1
0.00277267,0.2720606,0.042529603,0.007547936,0.270320759,0.014576996,0.017801692,0.007710739,0.010725658,0.332641889,0.003418075,0.017893383,a,1
0.002724187,0.534860702,0.012216491,0.0458799,0.051295483,0.014827257,0.010861795,0.006085114,0.028112591,0.218278896,0.006069266,0.06878832,a,1
0.006763175,0.187745997,0.026602536,0.006235768,0.136535626,0.008051486,0.02011865,0.013928278,0.013189105,0.517228581,0.004500054,0.059100743,a,1
0.001997156,0.392516334,0.008307553,0.021167051,0.032674449,0.007753136,0.006743132,0.005450008,0.010149287,0.467801403,0.004178146,0.041262344,a,1
0.001476616,0.151996633,0.021489515,0.008272816,0.164255422,0.013389421,0.013444166,0.002307115,0.010045215,0.595239586,0.004611717,0.013471778,a,1
0.002730157,0.306540342,0.027939635,0.01021499,0.174507087,0.014258608,0.02438641,0.023176192,0.035080663,0.328383537,0.002774271,0.050008108,a,1
0.002617453,0.161086903,0.02004833,0.005280816,0.174777477,0.007705562,0.016792232,0.003729304,0.013148285,0.526584445,0.003822991,0.064406203,a,1
0.001841036,0.17971128,0.061000533,0.013957664,0.161947831,0.011526548,0.024275287,0.009897535,0.05302617,0.390500609,0.004086165,0.088229342,a,1
0.002508019,0.123119093,0.099222038,0.006842384,0.296606912,0.004792221,0.03653725,0.006365088,0.040813176,0.245803444,0.004438383,0.132951992,a,1
0.000810575,0.109035023,0.008571115,0.004097459,0.176842862,0.009579135,0.037200625,0.005707833,0.011368646,0.61672808,0.003055152,0.017003496,a,1
0.001347222,0.268041761,0.008037182,0.00144334,0.28588827,0.005248572,0.004199037,0.006962863,0.067720155,0.326417313,0.004293285,0.020400999,a,1
0.002425599,0.273598105,0.001421992,0.008191641,0.127873876,0.004247925,0.002577008,0.011911532,0.084753818,0.463544336,0.006617453,0.012836715,a,1
0.002504148,0.282911862,0.012197353,0.003842318,0.245774232,0.005177205,0.005234362,0.005821746,0.032194331,0.369102853,0.004024229,0.031215361,a,1
0.000821526,0.3625065,0.001460681,0.002269589,0.108940461,0.001332536,0.001576743,0.004365083,0.036655677,0.467856289,0.003095743,0.00911917,a,1
0.005071471,0.125259029,0.028197166,0.007699177,0.339634038,0.018205661,0.006090892,0.030410396,0.097171761,0.169317022,0.014837868,0.158105519,a,1
0.008056092,0.245625409,0.006919435,0.01263292,0.14850626,0.007455818,0.011728582,0.019142161,0.07246337,0.420844214,0.008928292,0.037697447,a,1
0.002687168,0.23788396,0.006134928,0.004771703,0.152987207,0.004893457,0.00757916,0.006738516,0.093623926,0.454659807,0.005090479,0.02294969,a,1
0.002107314,0.177796306,0.002344463,0.003971129,0.089473491,0.00238976,0.002138395,0.009689173,0.057474108,0.591661101,0.00658473,0.054370028,a,1
0.007106237,0.307594615,0.009634634,0.006391013,0.12922235,0.014083269,0.010093891,0.021632725,0.037649703,0.429198119,0.010269696,0.017123749,a,1
0.001647667,0.387691537,0.013766059,0.003248068,0.140872752,0.004936207,0.005413172,0.010247047,0.067843591,0.317667598,0.006522903,0.0401434,a,1
0.001198581,0.381728004,0.005338492,0.003257728,0.110717718,0.010583117,0.002664129,0.011895162,0.186625613,0.22970226,0.006642786,0.049646411,a,1
0.001317517,0.736848341,0.002759273,0.001514957,0.064110128,0.00193796,0.002716386,0.003397874,0.02447832,0.151519445,0.00504801,0.004351789,a,1
0.002308568,0.36625114,0.004004501,0.003527217,0.068233543,0.003947469,0.005772704,0.006473817,0.034243399,0.474702697,0.004396057,0.026138888,a,1
0.006748956,0.156344873,0.01503293,0.00293685,0.084788085,0.006836093,0.004593215,0.009587232,0.111223586,0.527280399,0.035791349,0.038836433,a,1
0.002422952,0.649976614,0.001787811,0.004971442,0.070187361,0.010411932,0.006030018,0.007578506,0.050738055,0.152778866,0.005557253,0.037559189,a,1
0.003728678,0.194483558,0.01383295,0.0018255,0.240964387,0.004925368,0.013071574,0.009008802,0.089425485,0.377737062,0.010165985,0.040830651,a,1
0.003745992,0.215922978,0.016836499,0.005490628,0.278286537,0.007755192,0.016509228,0.007977308,0.061662928,0.338606612,0.021471434,0.025734664,a,1
0.002874337,0.310155102,0.005096312,0.004256155,0.1053653,0.005139645,0.006880613,0.009225443,0.043800449,0.479529734,0.008963116,0.018713794,a,1
0.002522878,0.219611024,0.019621036,0.006123836,0.114882678,0.006175296,0.00502091,0.007866407,0.033237791,0.566909335,0.008004901,0.010023908,a,1
0.009880108,0.211442391,0.00479529,0.007831095,0.097404031,0.009510848,0.011147144,0.02324933,0.053773657,0.529368548,0.013277002,0.028320557,a,1
0.004391512,0.186221094,0.00884791,0.004707363,0.171628042,0.009413336,0.015445619,0.018256508,0.097261258,0.372251857,0.00695644,0.104619063,a,1
0.006866791,0.188153844,0.021458688,0.002639919,0.165320013,0.003995683,0.00580564,0.007310876,0.044509146,0.526578525,0.005540784,0.02182009,a,1
0.000926245,0.542092024,0.002316615,0.000920994,0.089007039,0.002286777,0.001776212,0.003975738,0.070293614,0.260679983,0.004072607,0.02165215,a,1
0.001621663,0.647859223,0.004145039,0.006100017,0.098199818,0.005806397,0.004645208,0.013468694,0.01569693,0.191285691,0.003887876,0.007283444,a,1
0.001067378,0.249865117,0.005859851,0.003350467,0.316525557,0.005017962,0.005415122,0.004216365,0.130391184,0.003631817,0.003402517,0.271256661,a,1
0.001668687,0.376718155,0.002865047,0.003584303,0.235171193,0.007352794,0.006016089,0.002150168,0.018255902,0.316495281,0.004097916,0.025624466,a,1
0.001463482,0.318436469,0.015638068,0.002584841,0.222068418,0.006846059,0.002917423,0.006856451,0.03378974,0.325527062,0.002982945,0.060889042,a,1
0.001860669,0.448892173,0.011983226,0.003131918,0.148201926,0.006846791,0.009226004,0.00585433,0.009972254,0.332961417,0.003485565,0.017583728,a,1
0.002776631,0.457147957,0.017426445,0.003515149,0.131914302,0.01024882,0.009952704,0.005123571,0.031713881,0.263193035,0.005008099,0.061979407,a,1
0.008248255,0.315739674,0.016416032,0.020437106,0.212571153,0.024784218,0.024137214,0.022931993,0.038500055,0.239090565,0.014906397,0.062237338,a,1
0.002756729,0.299245618,0.008923292,0.00313793,0.339802026,0.009088415,0.00892735,0.00443784,0.008629899,0.233200158,0.002671916,0.079178826,a,1
0.002072244,0.56347352,0.004111544,0.002523234,0.126718633,0.010856667,0.003224903,0.002802645,0.010759913,0.255746875,0.002383228,0.015326594,a,1
0.003007145,0.495026465,0.010816748,0.008174756,0.156032685,0.009545341,0.011860989,0.010851223,0.014685249,0.252590405,0.004108535,0.023300458,a,1
0.001653614,0.384736789,0.007513891,0.003091168,0.184406243,0.007037026,0.016331719,0.004355456,0.017628623,0.350979177,0.006103219,0.016163076,a,1
0.009097899,0.344475796,0.011703507,0.006944343,0.228859946,0.013605475,0.013566634,0.008904034,0.018956264,0.288534998,0.00567857,0.049672534,a,1
0.002031471,0.478911036,0.002681548,0.002388688,0.218211991,0.012759278,0.009596641,0.003124299,0.007817614,0.231384816,0.003013496,0.028079122,a,1
0.001094473,0.476200933,0.002977873,0.003268385,0.125732507,0.004670084,0.003269315,0.004404128,0.004282839,0.36349248,0.003919351,0.006687631,a,1
0.001685296,0.459588691,0.005841247,0.005301712,0.093201355,0.006820112,0.007808961,0.005911188,0.008507301,0.381673196,0.005600547,0.018060394,a,1
0.000754776,0.165617705,0.003721602,0.005018093,0.19747302,0.011493538,0.005054712,0.008208643,0.009228617,0.559955915,0.004746626,0.02872675,a,1
0.00640098,0.458550766,0.005608017,0.002703225,0.148797825,0.015922359,0.012085392,0.007632739,0.020923636,0.288249,0.005725076,0.027400983,a,1
0.002090395,0.392775353,0.00378081,0.003602915,0.17375138,0.008634683,0.005037091,0.004237128,0.041012128,0.336887258,0.003150653,0.025040206,a,1
0.005288861,0.625711314,0.003522492,0.004496931,0.058940269,0.008507292,0.002115681,0.004520916,0.025986199,0.226648112,0.008685855,0.025576077,a,1
0.002397567,0.463465323,0.003030153,0.002683663,0.17838161,0.009270446,0.006001132,0.003128345,0.02327807,0.285639073,0.003649086,0.019075532,a,1
0.008987982,0.323060409,0.017329622,0.009268337,0.121490075,0.01267651,0.027258795,0.018029644,0.031215859,0.367551111,0.00855186,0.054579798,a,1
0.008206375,0.319620473,0.01664509,0.012725979,0.158708858,0.022388714,0.011459785,0.010177083,0.028374538,0.355145544,0.00892537,0.047622192,a,1
0.003038951,0.489979757,0.005479015,0.006116303,0.106868585,0.008677469,0.009784456,0.007222574,0.017106752,0.297352221,0.00673802,0.041635896,a,1
0.003828168,0.397091175,0.011479057,0.010040294,0.134215083,0.019453355,0.024276357,0.008477634,0.021242678,0.333559238,0.009030315,0.027306645,a,1
0.000833309,0.408837619,0.002386789,0.001922402,0.151881187,0.007050026,0.008590137,0.003545152,0.005135276,0.397213785,0.003161596,0.009442723,a,1
0.001321587,0.253845557,0.003570697,0.002244488,0.177689436,0.00377085,0.011994882,0.003835221,0.01241417,0.503188856,0.003377436,0.022746821,a,1
0.007159052,0.340639614,0.005282364,0.000849352,0.213583016,0.019823562,0.006458074,0.009938431,0.011244536,0.359243043,0.006063176,0.019715779,a,1
0.004011821,0.208485414,0.005875689,0.00994654,0.414665388,0.013059957,0.010726706,0.004395269,0.04431925,0.249284818,0.003794697,0.031434451,a,1
0.003554649,0.238300216,0.007932381,0.004329009,0.245096261,0.017987247,0.018461366,0.004687393,0.085128799,0.293751853,0.008284879,0.072485948,a,1
0.004371955,0.310003089,0.005084445,0.006717681,0.266611295,0.00935339,0.006677431,0.002755108,0.010859047,0.344219754,0.00541823,0.027928575,a,1
0.005654632,0.138058363,0.007013645,0.004326271,0.332816006,0.031282269,0.011240864,0.003480563,0.030528932,0.355286959,0.004477497,0.075833998,a,1
0.00804657,0.282040904,0.005474544,0.010405539,0.193127641,0.016876701,0.009658395,0.007479591,0.085582269,0.342798539,0.004756469,0.033752839,a,1
0.010262435,0.236250915,0.014696908,0.021086632,0.244263831,0.032177957,0.016824483,0.011240014,0.042324419,0.29895851,0.010742063,0.061171834,a,1
0.007401037,0.280421413,0.018033796,0.009100006,0.240493401,0.033313982,0.016561618,0.015298915,0.117496752,0.164123659,0.005425922,0.0923295,a,1
0.005930912,0.23312699,0.003039371,0.016328912,0.18201666,0.017157757,0.003072006,0.009464839,0.035503936,0.458293846,0.004705207,0.031359563,a,1
0.002647229,0.175810298,0.005191455,0.005829264,0.287420724,0.028215158,0.011768672,0.004339778,0.043955214,0.379146723,0.005419191,0.050256295,a,1
0.028362143,0.246376467,0.024921421,0.012979006,0.209629214,0.045184281,0.028608283,0.010811728,0.059458248,0.284534304,0.014824963,0.034309942,a,1
0.005907637,0.316198228,0.009070691,0.013274683,0.159466094,0.011716828,0.015612761,0.011077026,0.019642303,0.389127076,0.013617481,0.035289192,a,1
0.002070845,0.157013558,0.003404214,0.00437694,0.325561304,0.015878925,0.018115213,0.007393965,0.044951105,0.361401492,0.002959898,0.05687254,a,1
0.00257106,0.331190223,0.005377388,0.008031189,0.157446245,0.022022125,0.00985842,0.004807549,0.055956987,0.359435368,0.00685765,0.036445795,a,1
0.001263959,0.184581367,0.002650257,0.00438986,0.302898496,0.015996057,0.011162404,0.003621579,0.060970493,0.369920409,0.003263073,0.039282048,a,1
0.002006479,0.32814053,0.066227622,0.003958814,0.24309991,0.021624596,0.007500617,0.006614503,0.016011717,0.286505196,0.005307542,0.013002473,a,1
0.005425133,0.446337329,0.033718766,0.009455309,0.316970212,0.04518858,0.012077576,0.005267543,0.035693919,0.056390139,0.003696433,0.029779061,a,1
0.011742603,0.217858523,0.026291062,0.005687183,0.384198531,0.032383172,0.017839727,0.009389064,0.071262191,0.14137621,0.021233297,0.060738437,a,1
0.00486807,0.186759583,0.022683338,0.024984213,0.453525804,0.032053757,0.009876186,0.010990814,0.050852922,0.139067055,0.009505145,0.054833114,a,1
0.006077853,0.207859959,0.008018321,0.007055059,0.2600835,0.039084167,0.013666624,0.004296056,0.082996218,0.333857402,0.006974758,0.030030083,a,1
0.003638464,0.226639233,0.011846664,0.012889147,0.157283413,0.055266925,0.037213477,0.015489243,0.037384586,0.416835712,0.006108014,0.019405121,a,1
0.006069412,0.17741513,0.015253229,0.016115919,0.276107817,0.037576885,0.01098965,0.008001287,0.085739722,0.298148106,0.015079614,0.053503228,a,1
0.007722858,0.344421404,0.012101118,0.016816478,0.137699034,0.023431762,0.018482684,0.017234271,0.055658832,0.323824297,0.010932159,0.031675103,a,1
0.002322833,0.448554375,0.002542882,0.010568063,0.122275136,0.018443675,0.007232256,0.007215545,0.066815387,0.287075188,0.004281606,0.022673055,a,1
0.001713621,0.221566486,0.004640721,0.00520922,0.253232405,0.019541181,0.009431804,0.003758918,0.02090324,0.408159473,0.005857866,0.045985065,a,1
0.006171626,0.198732226,0.008193353,0.018310622,0.201284959,0.038366658,0.01059177,0.008540375,0.055240467,0.420624484,0.011950407,0.021993053,a,1
0.117338008,0.009489469,0.001944136,0.004456072,0.271551889,0.031796979,0.011094901,0.011824087,0.020235041,0.507289648,0.004509558,0.008470213,am,2
0.072523223,0.013558358,0.005074128,0.006542883,0.360837192,0.011487568,0.017745524,0.01701471,0.006074602,0.481802854,0.002892328,0.004446631,am,2
0.131397901,0.003506317,0.005395025,0.005058649,0.384602752,0.008406353,0.040692083,0.074840566,0.011556716,0.307532454,0.002628867,0.024382316,am,2
0.071670232,0.002427644,0.002281965,0.003280902,0.300861176,0.0237123,0.016376826,0.008073929,0.004156999,0.549971144,0.004147586,0.013039297,am,2
0.090623557,0.005722595,0.008795258,0.008656606,0.266725103,0.013098974,0.051844017,0.027124202,0.013075225,0.464389438,0.010315573,0.039629454,am,2
0.135933232,0.011708469,0.005674399,0.005619168,0.412988062,0.011655906,0.029387803,0.038949457,0.038049155,0.24002874,0.003541582,0.066464027,am,2
0.080788037,0.007986856,0.00677608,0.005703638,0.2864674,0.013979043,0.017369718,0.006108875,0.007628892,0.559803626,0.0042688,0.003119035,am,2
0.120431592,0.008343071,0.006284855,0.007493898,0.380603659,0.007001622,0.042158651,0.033749184,0.016393065,0.327024873,0.00398592,0.046529611,am,2
0.054388998,0.004948395,0.004026936,0.004649595,0.458123368,0.016647433,0.023248048,0.02360625,0.011569117,0.36268849,0.008216584,0.027886785,am,2
0.060151483,0.00498037,0.006681294,0.003993793,0.401318657,0.020797368,0.018145436,0.014430254,0.006889801,0.4304402,0.003549957,0.028621387,am,2
0.068928488,0.004125144,0.001622241,0.00308158,0.519711992,0.014302429,0.01127698,0.02007404,0.007016602,0.34318947,0.001634527,0.005036507,am,2
0.047178425,0.006799183,0.005421965,0.007736147,0.465485436,0.02797839,0.021526652,0.021956598,0.012507797,0.367229201,0.002572148,0.013608057,am,2
0.06063679,0.010004053,0.005063021,0.010943369,0.323570225,0.012427353,0.04331184,0.020774531,0.011203448,0.465051929,0.007295531,0.02971791,am,2
0.066509642,0.004697017,0.002270923,0.006889077,0.435740404,0.012989258,0.005774121,0.008492901,0.009977187,0.432159611,0.005234407,0.009265452,am,2
0.067277708,0.002752118,0.00283246,0.005781162,0.430633904,0.020225902,0.010320936,0.014537893,0.007170014,0.421147793,0.002994547,0.014325563,am,2
0.035543309,0.003674544,0.007305248,0.004941097,0.316896669,0.017522627,0.042248018,0.010977221,0.010646508,0.507654009,0.00752028,0.035070469,am,2
0.089982839,0.013747427,0.004221472,0.004527061,0.3992281,0.010509502,0.039034815,0.023059781,0.047814368,0.301174718,0.003651689,0.063048228,am,2
0.122261739,0.011689601,0.003313955,0.002676541,0.300515467,0.012141616,0.013536878,0.014617853,0.006222409,0.506188134,0.002872042,0.003963764,am,2
0.090667223,0.004448578,0.005743653,0.00601795,0.319243825,0.016616316,0.02055545,0.01352572,0.008547036,0.495955195,0.003068396,0.015610657,am,2
0.092415076,0.009400775,0.014940438,0.005720889,0.344187144,0.014486509,0.059971089,0.038267004,0.018302446,0.393782177,0.00232864,0.006197813,am,2
0.195576841,0.028106821,0.002841107,0.014341518,0.067798705,0.008013364,0.00738076,0.017945754,0.00689152,0.603652101,0.007850854,0.039600654,am,2
0.207136615,0.002276571,0.019486461,0.010644782,0.415572611,0.017775877,0.030217516,0.012669974,0.006041224,0.226388268,0.003540837,0.048249265,am,2
0.085896473,0.00969171,0.003673002,0.005019269,0.229822274,0.008933737,0.018105167,0.014744799,0.009221805,0.597058535,0.003421592,0.014411638,am,2
0.241240455,0.01710497,0.005010376,0.004229733,0.079363618,0.00351496,0.016392046,0.034438372,0.006844566,0.561909933,0.004570937,0.025380034,am,2
0.13967222,0.003589568,0.001692489,0.001998689,0.34521288,0.009075403,0.020209634,0.019294559,0.008820816,0.436187559,0.002181217,0.012064965,am,2
0.083797036,0.003514697,0.001368628,0.005435543,0.210186127,0.014896257,0.022757749,0.010293776,0.004802343,0.608145419,0.006559775,0.028242649,am,2
0.098532439,0.011174505,0.005622712,0.001668773,0.2397183,0.002243033,0.004078601,0.013993358,0.037774673,0.55156237,0.009719138,0.0239121,am,2
0.101246682,0.015304905,0.004150088,0.003732007,0.228114438,0.001401843,0.005929829,0.033825738,0.051399403,0.532085044,0.011219237,0.011590787,am,2
0.107973438,0.020628938,0.00662064,0.002268423,0.330181534,0.002762282,0.004211902,0.040189579,0.06523921,0.352186564,0.011149222,0.056588268,am,2
0.078207063,0.013258414,0.002131059,0.000978278,0.225139636,0.002560454,0.002609467,0.01555034,0.02921587,0.610202226,0.005386938,0.014760254,am,2
0.129967235,0.011543374,0.008649795,0.001974332,0.195999283,0.003801053,0.007072116,0.029264917,0.037806007,0.504259987,0.008718065,0.060943837,am,2
0.088734169,0.010062977,0.002244067,0.002115676,0.197540168,0.002337381,0.003284873,0.013676481,0.025155953,0.618522959,0.019421624,0.016903672,am,2
0.079995347,0.010127321,0.003141319,0.003178962,0.300779757,0.005965451,0.014136658,0.033356112,0.03596829,0.473380494,0.019080227,0.020890062,am,2
0.100908127,0.006350642,0.003838427,0.001558797,0.112044838,0.002213328,0.004225541,0.023465488,0.048863209,0.631175695,0.013841449,0.05151446,am,2
0.032171725,0.047222429,0.009062212,0.005294887,0.350059983,0.012486505,0.015753889,0.065095781,0.048832097,0.363762074,0.020704621,0.029553799,am,2
0.054852097,0.016780951,0.005606819,0.002985569,0.228956362,0.008452639,0.010536194,0.034690633,0.033705031,0.567309226,0.016514242,0.019610237,am,2
0.202964061,0.00702714,0.003107107,0.001467837,0.197280085,0.002405171,0.004650794,0.040076984,0.022234938,0.494660661,0.010825537,0.013299685,am,2
0.149218551,0.00623571,0.001211498,0.002645674,0.210665973,0.003442336,0.002397516,0.012650495,0.026535547,0.547261381,0.030856879,0.006878441,am,2
0.216616614,0.001264416,0.002031343,0.001878552,0.214575429,0.002100621,0.005610963,0.018865657,0.039385286,0.46572847,0.017899231,0.01404342,am,2
0.18501389,0.002699016,0.001517646,0.003035741,0.291529805,0.003471034,0.004097954,0.017672287,0.026928051,0.444260731,0.015968701,0.003805144,am,2
0.059180366,0.005027264,0.002794124,0.002633655,0.13257525,0.004579713,0.004703568,0.022576401,0.043675526,0.664037582,0.007618679,0.050597873,am,2
0.117606001,0.004298626,0.003551645,0.00174994,0.260271166,0.002752896,0.005295309,0.055630729,0.032630502,0.45559799,0.018801494,0.041813703,am,2
0.082738045,0.008930878,0.004478043,0.001203371,0.341995609,0.003257434,0.004133222,0.012314662,0.035542231,0.468888918,0.0081396,0.028377987,am,2
0.078859275,0.011895862,0.002087907,0.003388272,0.22276455,0.004308063,0.005152259,0.02562651,0.057233125,0.560028063,0.01483697,0.013819144,am,2
0.126325179,0.024633596,0.008518059,0.000757083,0.05704078,0.002146911,0.00221253,0.029592716,0.042146606,0.683430077,0.009529875,0.013666589,am,2
0.253110807,0.006389107,0.018715349,0.005669169,0.261016373,0.002655723,0.017838946,0.018002783,0.030968976,0.297528741,0.018835095,0.06926893,am,2
0.065482318,0.011397852,0.000542785,0.000752889,0.120438894,0.001838261,0.002520612,0.020335843,0.025096246,0.738906773,0.007558301,0.005129225,am,2
0.102036047,0.005679023,0.000787079,0.001771773,0.208619187,0.002601255,0.002844772,0.02661777,0.032995395,0.590441587,0.006364727,0.019241386,am,2
0.018550682,0.0125162,0.006460634,0.01364043,0.17237983,0.009108668,0.006215447,0.053643871,0.1977104,0.433536011,0.041581899,0.034655926,am,2
0.107820034,0.005160557,0.004460727,0.003051341,0.370290782,0.005743539,0.010703265,0.078675553,0.062500579,0.300185795,0.016381553,0.035026278,am,2
0.09455666,0.008386684,0.005043477,0.006321908,0.233848295,0.006653081,0.007155731,0.042562436,0.045318514,0.508196307,0.013546733,0.028410175,am,2
0.118663824,0.002633658,0.001939437,0.004870043,0.290075725,0.008260395,0.008947738,0.014052357,0.012133937,0.51120526,0.002325796,0.02489183,am,2
0.169502274,0.006342524,0.002049764,0.002684649,0.213156183,0.005380155,0.007134216,0.013672642,0.010109535,0.553638939,0.004973404,0.011355715,am,2
0.194013528,0.004410786,0.001199917,0.003651469,0.213859342,0.005427608,0.008778509,0.007146831,0.007481053,0.548096231,0.00270681,0.003227917,am,2
0.103058091,0.004446237,0.001638139,0.003245187,0.212485124,0.008711633,0.00559927,0.014442172,0.012112954,0.617101627,0.002585293,0.014574274,am,2
0.103484733,0.01131487,0.002663875,0.00685669,0.318197577,0.013432597,0.012516889,0.006679585,0.008289919,0.503707925,0.00666996,0.00618538,am,2
0.095834214,0.005961296,0.003515931,0.006667818,0.300499552,0.003308499,0.016114441,0.017044924,0.016647831,0.515693425,0.007264293,0.011447775,am,2
0.067112276,0.002070067,0.000988423,0.003362599,0.263631726,0.006057831,0.014728634,0.012423867,0.009976106,0.591971824,0.0036722,0.024004446,am,2
0.064918619,0.024618457,0.005616677,0.005932434,0.318958588,0.011012324,0.017700091,0.029007116,0.081123661,0.374060402,0.004897649,0.062153983,am,2
0.189910691,0.0048125,0.001464743,0.003785645,0.313740383,0.013483935,0.003759709,0.010601797,0.006484422,0.43794527,0.005964617,0.008046287,am,2
0.281034022,0.005601107,0.002921889,0.003566802,0.28078652,0.034389878,0.046768771,0.015644644,0.013518834,0.290724911,0.004015784,0.021026838,am,2
0.081600813,0.004006989,0.002713522,0.005233002,0.298867253,0.003966754,0.026159566,0.012930749,0.021805647,0.510491321,0.003897801,0.028326584,am,2
0.259612364,0.01547458,0.011572308,0.018958098,0.386695559,0.021142792,0.035863814,0.010183683,0.009491635,0.211744729,0.005875659,0.01338478,am,2
0.18504027,0.009854205,0.007538843,0.008223811,0.23093612,0.043125286,0.063361716,0.01977936,0.01627189,0.398859143,0.007909338,0.009100016,am,2
0.131094932,0.00214068,0.001726002,0.003111759,0.231954349,0.005056807,0.009644611,0.016608442,0.013737955,0.559825136,0.005095541,0.020003786,am,2
0.099407084,0.013378161,0.007969797,0.005447155,0.34532857,0.005573245,0.039506715,0.022073051,0.062741438,0.337155778,0.003386477,0.058032528,am,2
0.090122751,0.004391198,0.003611233,0.009661604,0.363585723,0.019444793,0.034932974,0.009965942,0.008382806,0.440940327,0.005409991,0.009550657,am,2
0.108378454,0.002110139,0.005331956,0.00392893,0.450288233,0.007515042,0.008392023,0.010941897,0.013188579,0.346685528,0.004252548,0.038986672,am,2
0.132563588,0.02499534,0.017176411,0.007258386,0.327020791,0.007553915,0.051928437,0.032798933,0.052574138,0.262485676,0.010558806,0.07308558,am,2
0.139960441,0.006047786,0.001367328,0.002660209,0.2614,0.006414307,0.012381604,0.007742124,0.010510449,0.536473144,0.004338897,0.010703711,am,2
0.153400738,0.024971049,0.001144163,0.001215786,0.08150821,0.003092958,0.006610801,0.009236545,0.021663125,0.680504209,0.006975867,0.009676549,am,2
